%YAML:1.0
---
camera_matrix: !!opencv-matrix
   rows: 3
   cols: 3
   dt: d
   data: [ 3.6603943463500002e+02, 0., 6.2973742349999998e+02, 0.,
       2.7718949479999998e+02, 3.4039468975000000e+02, 0., 0., 1. ]
dist_coeffs: !!opencv-matrix
   rows: 4
   cols: 1
   dt: d
   data: [ 2.2287052458415148e-02, 1.4965785231985951e-03,
       -3.1190698026511018e-03, 4.0454292549067430e-03 ]
resolution: !!opencv-matrix
   rows: 2
   cols: 1
   dt: i
   data: [ 1280, 720 ]
project_matrix: !!opencv-matrix
   rows: 3
   cols: 3
   dt: d
   data: [ 1.9219793138566359e+00, 4.6132488049358988e+00,
       -5.9403505503052872e+02, 4.8418520268153568e-02,
       4.4877785045152931e+00, -3.9258686359485932e+02,
       1.9543535410270434e-04, 9.4739055072949989e-03, 1. ]
scale_xy: !!opencv-matrix
   rows: 2
   cols: 1
   dt: f
   data: [ 6.99999988e-01, 8.00000012e-01 ]
shift_xy: !!opencv-matrix
   rows: 2
   cols: 1
   dt: f
   data: [ -50., -100. ]
