%YAML:1.0
---
camera_matrix: !!opencv-matrix
   rows: 3
   cols: 3
   dt: d
   data: [ 3.5768755804719268e+02, 0., 6.2408666124141234e+02, 0.,
       2.6848116464275699e+02, 3.2878767285967723e+02, 0., 0., 1. ]
dist_coeffs: !!opencv-matrix
   rows: 4
   cols: 1
   dt: d
   data: [ 3.1741106273742818e-02, 9.1357884136500610e-03,
       -2.6586417057839536e-02, 1.7016752886654878e-02 ]
resolution: !!opencv-matrix
   rows: 2
   cols: 1
   dt: i
   data: [ 1280, 720 ]
project_matrix: !!opencv-matrix
   rows: 3
   cols: 3
   dt: d
   data: [ 2.4982552898237289e+00, 6.0536425502313529e+00,
       -8.6692753692485826e+02, 1.0522668962734805e-01,
       5.8914950346548123e+00, -5.7645745502895363e+02,
       3.5186833928004956e-04, 1.2725210672220646e-02, 1. ]
scale_xy: !!opencv-matrix
   rows: 2
   cols: 1
   dt: f
   data: [ 6.99999988e-01, 8.00000012e-01 ]
shift_xy: !!opencv-matrix
   rows: 2
   cols: 1
   dt: f
   data: [ -50., -100. ]
